=== B. Controlled wet scenarios (sensitivity under identical rain; NOT skill) ===
 reading  lead        phase  rain  bay_v5  bay_v6  peak_in_v5  peak_in_v6  curb_min_v5  curb_min_v6  lawn_min_v5  lawn_min_v6  d_peak_in
     1.0     6          low   0.3   -0.40   -0.42         6.3         6.3          0.0          0.0            0            0        0.0
     1.0     6          low   0.6   -0.40   -0.42        10.0        10.0        185.0        185.0            0            0        0.0
     1.0     6          low   1.0   -0.40   -0.42        12.2        12.2        200.0        200.0            0            0        0.0
     1.0     6 mid (rising)   0.3    0.74    0.69         6.3         6.3          0.0          0.0            0            0        0.0
     1.0     6 mid (rising)   0.6    0.74    0.69        10.0        10.0        185.0        185.0            0            0        0.0
     1.0     6 mid (rising)   1.0    0.74    0.69        12.2        12.2        200.0        200.0            0            0        0.0
     1.0     6         high   0.3    2.03    1.95         6.3         6.3          0.0          0.0            0            0        0.0
     1.0     6         high   0.6    2.03    1.95        10.0        10.0        185.0        185.0            0            0        0.0
     1.0     6         high   1.0    2.03    1.95        12.2        12.2        200.0        200.0            0            0        0.0
     1.0    12          low   0.3   -0.17   -0.31         6.3         6.3          0.0          0.0            0            0        0.0
     1.0    12          low   0.6   -0.17   -0.31        10.0        10.0        185.0        185.0            0            0        0.0
     1.0    12          low   1.0   -0.17   -0.31        12.2        12.2        200.0        200.0            0            0        0.0
     1.0    12 mid (rising)   0.3    1.11    0.94         6.3         6.3          0.0          0.0            0            0        0.0
     1.0    12 mid (rising)   0.6    1.11    0.94        10.0        10.0        185.0        185.0            0            0        0.0
     1.0    12 mid (rising)   1.0    1.11    0.94        12.2        12.2        200.0        200.0            0            0        0.0
     1.0    12         high   0.3    2.54    2.36         6.3         6.3          0.0          0.0            0            0        0.0
     1.0    12         high   0.6    2.54    2.36        10.0        10.0        185.0        185.0            0            0        0.0
     1.0    12         high   1.0    2.54    2.36        12.2        12.2        200.0        200.0            0            0        0.0
     1.0    24          low   0.3   -0.66   -0.89         6.3         6.3          0.0          0.0            0            0        0.0
     1.0    24          low   0.6   -0.66   -0.89        10.0        10.0        185.0        185.0            0            0        0.0
     1.0    24          low   1.0   -0.66   -0.89        12.2        12.2        200.0        200.0            0            0        0.0
     1.0    24 mid (rising)   0.3    0.75    0.49         6.3         6.3          0.0          0.0            0            0        0.0
     1.0    24 mid (rising)   0.6    0.75    0.49        10.0        10.0        185.0        185.0            0            0        0.0
     1.0    24 mid (rising)   1.0    0.75    0.49        12.2        12.2        200.0        200.0            0            0        0.0
     1.0    24         high   0.3    2.86    2.67         6.3         6.3          0.0          0.0            0            0        0.0
     1.0    24         high   0.6    2.86    2.67        10.0        10.0        185.0        185.0            0            0        0.0
     1.0    24         high   1.0    2.86    2.67        12.2        12.2        200.0        200.0            0            0        0.0
     2.0     6          low   0.3    0.60    0.56         6.3         6.3          0.0          0.0            0            0        0.0
     2.0     6          low   0.6    0.60    0.56        10.0        10.0        185.0        185.0            0            0        0.0
     2.0     6          low   1.0    0.60    0.56        12.2        12.2        200.0        200.0            0            0        0.0
     2.0     6 mid (rising)   0.3    1.74    1.59         6.3         6.3          0.0          0.0            0            0        0.0
     2.0     6 mid (rising)   0.6    1.74    1.59        10.0        10.0        185.0        185.0            0            0        0.0
     2.0     6 mid (rising)   1.0    1.74    1.59        12.2        12.2        200.0        200.0            0            0        0.0
     2.0     6         high   0.3    3.03    2.77         6.5         6.3          0.0          0.0            0            0       -0.2
     2.0     6         high   0.6    3.03    2.77        10.1        10.0        185.0        185.0            0            0       -0.1
     2.0     6         high   1.0    3.03    2.77        12.2        12.2        200.0        200.0            0            0        0.0
     2.0    12          low   0.3    0.83    0.38         6.3         6.3          0.0          0.0            0            0        0.0
     2.0    12          low   0.6    0.83    0.38        10.0        10.0        185.0        185.0            0            0        0.0
     2.0    12          low   1.0    0.83    0.38        12.2        12.2        200.0        200.0            0            0        0.0
     2.0    12 mid (rising)   0.3    2.11    1.59         8.3         6.3         15.0          0.0            0            0       -2.0
     2.0    12 mid (rising)   0.6    2.11    1.59        10.7        10.0        190.0        185.0            0            0       -0.7
     2.0    12 mid (rising)   1.0    2.11    1.59        12.6        12.2        200.0        200.0            0            0       -0.4
     2.0    12         high   0.3    3.54    2.96         9.9         8.5        140.0         60.0            0            0       -1.4
     2.0    12         high   0.6    3.54    2.96        11.6        10.8        195.0        190.0            0            0       -0.8
     2.0    12         high   1.0    3.54    2.96        13.3        12.7        205.0        200.0            0            0       -0.6
     2.0    24          low   0.3    0.34   -0.41         6.3         6.3          0.0          0.0            0            0        0.0
     2.0    24          low   0.6    0.34   -0.41        10.0        10.0        185.0        185.0            0            0        0.0
     2.0    24          low   1.0    0.34   -0.41        12.2        12.2        200.0        200.0            0            0        0.0
     2.0    24 mid (rising)   0.3    1.75    0.94         6.3         6.3          0.0          0.0            0            0        0.0
     2.0    24 mid (rising)   0.6    1.75    0.94        10.0        10.0        185.0        185.0            0            0        0.0
     2.0    24 mid (rising)   1.0    1.75    0.94        12.2        12.2        200.0        200.0            0            0        0.0
     2.0    24         high   0.3    3.86    3.26         9.9         8.5        180.0        100.0            0            0       -1.4
     2.0    24         high   0.6    3.86    3.26        11.6        10.8        190.0        185.0            0            0       -0.8
     2.0    24         high   1.0    3.86    3.26        13.3        12.7        200.0        200.0            0            0       -0.6

summary: |peak change| by bay band (v0.10.5 bay):
                         count  mean  min  max
band                                          
below 3.0 (drains full)     45 -0.07 -2.0  0.0
3.0-3.52 (plug band)         3 -0.10 -0.2  0.0
above 3.52                   6 -0.93 -1.4 -0.6

=== C. Measured events, MRMS rain, bay from each rule (reconstructed hindcast; NOT as-issued skill) ===
     event  lead  reading  mean  bay_obs  bay_v5  bay_v6  peak_obs_meas  peak_obsbay  peak_v5  peak_v6  baybias_v5  baybias_v6  err_v5  err_v6
2025-10-30     6     2.40  0.53     4.13    3.98    3.69           20.8         17.8     15.8     15.4       -0.15       -0.44    -5.0    -5.4
2025-10-30    12     1.73  0.52     4.13    3.30    2.96           20.8         17.8     15.3     14.8       -0.83       -1.17    -5.5    -6.0
2025-10-30    24     1.39  0.52     4.13    2.97    2.55           20.8         17.8     14.9     14.6       -1.16       -1.58    -5.9    -6.2
2026-07-06     6     1.01  0.54     2.05    1.77    1.70           15.0         14.1     14.1     14.1       -0.28       -0.35    -0.9    -0.9
2026-07-06    12     0.64  0.54     2.05    1.40    1.37           15.0         14.1     14.1     14.1       -0.65       -0.68    -0.9    -0.9
2026-07-06    24     0.46  0.54     2.05    1.22    1.26           15.0         14.1     14.1     14.1       -0.83       -0.79    -0.9    -0.9
2026-08-03     6     1.03  0.55     2.16    2.67    2.60           13.8         13.4     13.4     13.4        0.51        0.44    -0.4    -0.4
2026-08-03    12     0.90  0.55     2.16    2.55    2.45           13.8         13.4     13.4     13.4        0.39        0.29    -0.4    -0.4
2026-08-03    24     0.73  0.55     2.16    2.37    2.28           13.8         13.4     13.4     13.4        0.21        0.12    -0.4    -0.4
2026-08-07     6     0.62  0.55     1.07    1.52    1.51           15.4         17.4     17.4     17.4        0.45        0.44     2.0     2.0
2026-08-07    12     0.30  0.55     1.07    1.21    1.28           15.4         17.4     17.4     17.4        0.14        0.21     2.0     2.0
2026-08-07    24     0.38  0.55     1.07    1.28    1.37           15.4         17.4     17.4     17.4        0.21        0.30     2.0     2.0
2026-09-01     6     0.69  0.54    -0.36   -0.82   -0.84           13.9         12.3     12.3     12.3       -0.46       -0.48    -1.6    -1.6
2026-09-01    12     0.70  0.54    -0.36   -0.81   -0.86           13.9         12.3     12.3     12.3       -0.45       -0.50    -1.6    -1.6
2026-09-01    24     0.59  0.54    -0.36   -0.91   -0.94           13.9         12.3     12.3     12.3       -0.55       -0.58    -1.6    -1.6
2026-09-13     6     0.51  0.54     0.97    0.51    0.51           13.7         11.9     11.9     11.9       -0.46       -0.46    -1.8    -1.8
2026-09-13    12     0.64  0.54     0.97    0.64    0.61           13.7         11.9     11.9     11.9       -0.33       -0.36    -1.8    -1.8
2026-09-13    24     0.72  0.54     0.97    0.72    0.63           13.7         11.9     11.9     11.9       -0.25       -0.34    -1.8    -1.8

mean |bay error| at onset: v0.10.5 0.46 ft, v0.10.6 0.53 ft (n=18)
mean |peak error| vs measured: v0.10.5 2.0 in, v0.10.6 2.1 in; peak changed (|v6-v5| >= 0.1 in) in 3 of 18 cases

=== D. Sep 13 as-issued forecast (commit 3a6c96faf, 2026-09-13T03:14:36Z): saved QPF windows ===
note: the saved window covers 11:00Z-17:00Z; the measured burst peaked 10:54-10:58Z (MRMS), inside the 10Z hour, which the window does NOT cover. Uncovered hours are zero rain by assumption.
{
 "issued": "2026-09-13T03:14:36Z",
 "qpf_hours_covered": [
  "11:00Z",
  "12:00Z",
  "13:00Z",
  "14:00Z",
  "15:00Z",
  "16:00Z"
 ],
 "reading_at_issuance": 0.5,
 "mean": 0.54,
 "observed bay": {
  "bay_at_07Z_local_range": [
   -1.54,
   3.95
  ],
  "tank_peak_in": 8.0
 },
 "as-issued v0.10.3 curve": {
  "bay_at_07Z_local_range": [
   -1.87,
   3.41
  ],
  "tank_peak_in": 5.7
 },
 "v0.10.5 constant": {
  "bay_at_07Z_local_range": [
   -1.86,
   3.43
  ],
  "tank_peak_in": 5.2
 },
 "v0.10.6 decay": {
  "bay_at_07Z_local_range": [
   -1.85,
   3.44
  ],
  "tank_peak_in": 5.4
 },
 "measured_peak_in": 13.7
}

=== EXPLORATORY (not predeclared): constant vs decay when surge is rising/falling at the reading ===
EXPLORATORY (not predeclared): does decay lose while surge is rising? MAE ft, constant vs decay tau 36 toward the trailing mean
  all readings:
    6h n=177024 const 0.228 decay 0.218 (obs-minus-const bias +0.00)
    12h n=177006 const 0.296 decay 0.273 (obs-minus-const bias +0.00)
    24h n=176970 const 0.399 decay 0.343 (obs-minus-const bias +0.00)
  reading >= +0.5 and ROSE >= 0.3 ft in the prior 6 h:
    6h n=13871 const 0.348 decay 0.330 (obs-minus-const bias -0.11)
    12h n=13866 const 0.456 decay 0.429 (obs-minus-const bias -0.15)
    24h n=13859 const 0.656 decay 0.540 (obs-minus-const bias -0.38)
  reading >= +0.5 and FELL >= 0.3 ft in the prior 6 h:
    6h n=6613 const 0.335 decay 0.323 (obs-minus-const bias -0.13)
    12h n=6614 const 0.474 decay 0.407 (obs-minus-const bias -0.33)
    24h n=6610 const 0.634 decay 0.501 (obs-minus-const bias -0.45)
  reading >= +1.0 and ROSE >= 0.5 ft in the prior 6 h:
    6h n=3280 const 0.526 decay 0.485 (obs-minus-const bias -0.20)
    12h n=3276 const 0.693 decay 0.618 (obs-minus-const bias -0.37)
    24h n=3270 const 1.069 decay 0.775 (obs-minus-const bias -0.87)
