prediction_made_at,target_tide_time,hours_until_peak,predicted_mllw_astronomical,surge_ft_predicted,surge_source,sh_peak_mllw_predicted,peak_rain_in_hr_predicted,water_navd88_predicted,regime_predicted,cold_lockout,confidence_level,model_version
2026-06-17T13:21:40Z,2026-06-20 13:20,+75.97,5.081,+0.931,surge-persistence,6.012,0.000,3.192,dry,false,low,v0.8
2026-06-17T15:08:32Z,2026-06-20 13:20,+74.19,5.081,+0.778,surge-persistence,5.859,0.000,3.039,dry,false,low,v0.8
2026-06-17T17:06:42Z,2026-06-20 13:20,+72.22,5.081,+0.285,surge-persistence,5.366,0.000,2.546,dry,false,medium,v0.8
2026-06-17T18:54:31Z,2026-06-20 13:20,+70.42,5.081,+0.556,surge-persistence,5.637,0.000,2.817,dry,false,low,v0.8
2026-06-17T19:45:18Z,2026-06-20 13:20,+69.58,5.081,+0.621,surge-persistence,5.702,0.000,2.882,dry,false,low,v0.8
2026-06-17T20:47:10Z,2026-06-20 13:20,+68.55,5.081,+0.525,surge-persistence,5.606,0.000,2.786,dry,false,low,v0.8
2026-06-17T21:41:32Z,2026-06-20 13:20,+67.64,5.081,+0.480,surge-persistence,5.561,0.000,2.741,dry,false,low,v0.8
2026-06-17T22:36:51Z,2026-06-20 13:20,+66.72,5.081,+0.609,surge-persistence,5.690,0.000,2.870,dry,false,medium,v0.8
2026-06-17T23:36:06Z,2026-06-20 13:20,+65.73,5.081,+0.895,surge-persistence,5.976,0.000,3.156,dry,false,medium,v0.8
2026-06-18T00:59:38Z,2026-06-20 13:20,+64.34,5.081,+0.910,surge-persistence,5.991,0.000,3.171,dry,false,medium,v0.8
2026-06-18T01:58:30Z,2026-06-20 13:20,+63.36,5.081,+0.998,surge-persistence,6.079,0.000,3.259,dry,false,medium,v0.8
2026-06-18T03:22:37Z,2026-06-20 13:20,+61.96,5.081,+0.950,surge-persistence,6.031,0.000,3.211,dry,false,low,v0.8
2026-06-18T05:40:40Z,2026-06-20 13:20,+59.66,5.081,+0.659,surge-persistence,5.740,0.000,2.920,dry,false,medium,v0.8
2026-06-18T07:47:18Z,2026-06-20 13:20,+57.54,5.081,+0.907,surge-persistence,5.988,0.000,3.168,dry,false,low,v0.8
2026-06-18T09:35:13Z,2026-06-20 13:20,+55.75,5.081,+0.806,surge-persistence,5.887,0.000,3.067,dry,false,low,v0.8
2026-06-18T11:26:26Z,2026-06-20 13:20,+53.89,5.081,+0.985,surge-persistence,6.066,0.000,3.246,dry,false,medium,v0.8
2026-06-18T13:16:25Z,2026-06-20 13:20,+52.06,5.081,+1.053,surge-persistence,6.134,0.000,3.314,dry,false,low,v0.8
2026-06-18T15:09:02Z,2026-06-20 13:20,+50.18,5.081,+1.133,surge-persistence,6.214,0.000,3.394,dry,false,low,v0.8
2026-06-18T17:07:40Z,2026-06-20 13:20,+48.21,5.081,+0.642,surge-persistence,5.723,0.000,2.903,dry,false,low,v0.8
2026-06-18T18:52:26Z,2026-06-20 13:20,+46.46,5.081,+0.763,surge-persistence,5.844,0.000,3.024,dry,false,medium,v0.8
2026-06-18T19:46:27Z,2026-06-20 13:20,+45.56,5.081,+0.876,surge-persistence,5.957,0.000,3.137,dry,false,low,v0.8
2026-06-18T20:53:40Z,2026-06-20 13:20,+44.44,5.081,+0.786,surge-persistence,5.867,0.000,3.047,dry,false,low,v0.8
2026-06-18T21:44:17Z,2026-06-20 13:20,+43.60,5.081,+0.451,surge-persistence,5.532,0.000,2.712,dry,false,low,v0.8
2026-06-18T22:42:06Z,2026-06-20 13:20,+42.63,5.081,+0.132,surge-persistence,5.213,0.000,2.393,dry,false,medium,v0.8
2026-06-19T01:04:51Z,2026-06-20 13:20,+40.25,5.081,+0.600,surge-persistence,5.681,0.000,2.861,dry,false,medium,v0.8
2026-06-19T03:14:16Z,2026-06-20 13:20,+38.10,5.081,+0.598,surge-persistence,5.679,0.000,2.859,dry,false,low,v0.8
2026-06-19T05:47:37Z,2026-06-20 13:20,+35.54,5.081,+0.419,surge-persistence,5.500,0.000,2.680,dry,false,low,v0.8
2026-06-19T07:58:10Z,2026-06-20 13:20,+33.36,5.081,+0.514,surge-persistence,5.595,0.000,2.775,dry,false,medium,v0.8
2026-06-19T09:44:53Z,2026-06-20 13:20,+31.59,5.081,+0.495,surge-persistence,5.576,0.000,2.756,dry,false,low,v0.8
2026-06-19T11:35:18Z,2026-06-20 13:20,+29.74,5.081,+0.505,surge-persistence,5.586,0.000,2.766,dry,false,low,v0.8
2026-06-19T13:16:53Z,2026-06-20 13:20,+28.05,5.081,+0.608,surge-persistence,5.689,0.000,2.869,dry,false,medium,v0.8
2026-06-19T15:05:56Z,2026-06-20 13:20,+26.23,5.081,+0.564,surge-persistence,5.645,0.000,2.825,dry,false,low,v0.8
2026-06-19T16:52:26Z,2026-06-20 13:20,+24.46,5.081,+0.547,surge-persistence,5.628,0.000,2.808,dry,false,low,v0.8
2026-06-19T17:39:42Z,2026-06-20 13:20,+23.67,5.081,+0.518,surge-persistence,5.599,0.000,2.779,dry,false,low,v0.8
2026-06-19T18:41:02Z,2026-06-20 13:20,+22.65,5.081,+0.458,surge-persistence,5.539,0.000,2.719,dry,false,medium,v0.8
2026-06-19T19:35:42Z,2026-06-20 13:20,+21.74,5.081,+0.526,surge-persistence,5.607,0.000,2.788,dry,false,medium,v0.8
2026-06-19T20:34:49Z,2026-06-20 13:20,+20.75,5.081,+0.519,surge-persistence,5.601,0.000,2.781,dry,false,low,v0.8
2026-06-19T21:28:28Z,2026-06-20 13:20,+19.86,5.081,+0.436,surge-persistence,5.517,0.000,2.697,dry,false,low,v0.8
2026-06-19T22:23:43Z,2026-06-20 13:20,+18.94,5.081,+0.261,surge-persistence,5.342,0.000,2.522,dry,false,medium,v0.8
2026-06-19T23:26:26Z,2026-06-20 13:20,+17.89,5.081,+0.201,surge-persistence,5.282,0.000,2.462,dry,false,medium,v0.8
2026-06-20T00:55:29Z,2026-06-20 13:20,+16.41,5.081,+0.558,surge-persistence,5.639,0.000,2.819,dry,false,medium,v0.8
2026-06-20T01:47:24Z,2026-06-20 13:20,+15.54,5.081,+0.782,surge-persistence,5.863,0.000,3.043,dry,false,medium,v0.8
2026-06-20T03:12:22Z,2026-06-20 13:20,+14.13,5.081,+0.576,surge-persistence,5.657,0.000,2.837,dry,false,low,v0.8
2026-06-20T05:33:35Z,2026-06-20 13:20,+11.77,5.081,+0.288,surge-persistence,5.369,0.000,2.549,dry,false,low,v0.8
2026-06-20T07:26:43Z,2026-06-20 13:20,+9.89,5.081,+0.272,surge-persistence,5.353,0.000,2.533,dry,false,medium,v0.8
2026-06-20T09:08:15Z,2026-06-20 13:20,+8.20,5.081,+0.337,surge-persistence,5.418,0.000,2.598,dry,false,low,v0.8
2026-06-20T10:51:22Z,2026-06-20 13:20,+6.48,5.081,+0.194,surge-persistence,5.275,0.000,2.455,dry,false,low,v0.8
2026-06-20T11:40:53Z,2026-06-20 13:20,+5.65,5.081,+0.033,surge-persistence,5.115,0.000,2.295,dry,false,low,v0.8
2026-06-20T12:42:22Z,2026-06-20 13:20,+4.63,5.081,+0.077,surge-persistence,5.158,0.000,2.338,dry,false,medium,v0.8
